1 2 0 0 9 
1 2 1 5 0 10 2 11 21 7 
0 0 1 3 7 12 
0 2 0 0 7 12 7 13 8 
0 0 3 3 2 
0 1 1 2 5 7 3 
1 0 0 1 0 6 
0 0 0 6 2 3 2 
1 0 4 4 0 3 2 11 2 
0 2 3 3 6 0 15 
1 1 2 1 0 6 15 8 21 1 
0 0 4 3 1 0 15 16 
1 2 2 0 8 6 14 10 1 17 
1 1 3 4 10 12 
1 0 3 2 5 0 0 0 
1 1 0 0 8 10 16 18 6 21 
0 0 0 2 7 2 
1 1 3 6 10 10 
0 1 3 2 7 
0 0 0 0 6 3 14 
1 2 0 2 2 7 15 0 15 
1 0 0 1 4 1 1 
0 2 0 4 9 9 0 1 18 17 
1 2 3 0 3 0 0 1 
0 2 0 1 10 12 0 
1 1 2 6 3 10 5 13 8 22 
1 2 4 2 4 11 10 11 22 10 
0 0 3 4 0 8 2 7 5 16 
0 1 1 6 8 
1 1 1 3 5 10 8 1 
0 0 2 3 0 6 12 
1 0 2 3 6 
1 0 0 0 3 5 1 
1 2 2 4 2 7 3 
1 1 1 3 9 3 15 17 16 27 
1 1 4 2 8 10 3 8 
0 1 0 2 2 6 2 
1 2 2 3 8 4 10 
1 1 1 5 0 4 9 
0 2 2 0 5 12 5 3 22 
0 1 4 6 0 7 13 16 
0 0 1 1 3 
0 0 0 6 0 3 
1 0 2 0 1 5 16 7 18 17 
1 1 1 3 8 9 14 7 19 11 
1 1 4 4 7 8 11 
1 0 2 4 10 10 12 9 5 
1 2 1 6 0 11 16 13 
1 2 1 6 0 9 2 13 
1 0 3 3 0 7 10 2 
0 2 1 3 2 9 14 16 21 28 
0 0 3 5 9 
1 0 1 3 1 1 6 
0 1 1 6 8 4 12 9 16 
1 2 4 0 1 0 15 1 3 
0 0 2 1 10 4 2 
1 1 0 5 1 
0 0 4 0 10 
0 1 0 5 3 12 14 13 19 
0 1 1 5 8 
0 0 0 4 4 0 
1 0 1 0 2 1 12 
0 0 4 3 4 1 15 6 19 
0 1 3 4 10 10 
0 2 2 0 7 
0 2 2 0 4 6 
0 0 1 5 4 
1 2 0 4 9 
1 1 4 3 5 12 0 7 
0 0 4 2 3 7 10 13 
1 1 1 6 0 7 
1 2 1 4 1 
0 1 2 6 9 7 10 7 
1 2 1 2 3 1 14 3 5 19 
0 0 4 1 2 10 9 5 
1 1 1 6 1 6 
0 1 4 2 1 12 8 
0 2 3 2 9 7 8 
0 0 3 4 4 3 8 13 7 
0 1 1 0 10 11 
0 2 2 6 8 0 13 
1 1 1 2 4 
1 0 3 2 4 8 13 14 13 
0 1 0 3 9 
0 2 4 6 6 
1 2 4 2 6 9 
0 2 3 3 8 3 12 18 
1 2 3 6 9 10 16 16 
0 1 3 3 9 11 11 8 9 14 
1 0 2 2 9 1 9 11 14 
1 0 2 5 3 8 
0 2 2 6 7 6 
1 1 3 5 7 8 11 16 13 
1 0 0 1 2 0 10 4 3 3 
1 2 0 6 7 2 
1 1 2 4 1 9 
0 1 1 6 10 
1 2 1 1 0 9 10 1 
0 1 4 3 3 6 0 1 
1 1 3 6 1 2 2 5 
