1 0 1 6 1 12 0 
0 1 1 1 7 7 
1 0 3 6 2 7 2 14 15 
1 1 3 4 7 8 16 11 19 
0 2 1 2 0 8 13 5 10 
0 1 1 6 1 
0 2 0 1 2 3 14 18 0 
0 2 1 5 8 7 0 
1 2 1 1 0 9 0 15 7 14 
0 2 0 5 3 
1 2 2 6 1 2 2 
0 2 4 5 0 10 11 8 
1 1 3 6 2 3 9 2 11 
0 1 0 6 6 3 13 12 
1 0 1 4 10 2 
0 2 4 1 7 8 11 1 14 28 
0 1 3 5 2 9 
0 0 2 3 0 12 11 14 15 2 
0 1 4 6 7 7 3 9 9 7 
0 0 3 0 7 3 6 11 1 
1 0 0 1 7 2 1 
1 1 3 2 3 6 3 3 
0 1 0 6 4 5 7 2 20 
1 1 4 1 2 6 
0 2 2 4 6 12 8 3 
1 2 1 6 2 
0 1 0 1 4 
1 1 3 4 8 0 0 1 6 
1 2 1 2 8 
0 1 1 5 4 8 5 12 0 
0 1 2 3 4 2 15 11 14 
1 2 1 2 2 5 
0 1 4 4 2 12 2 16 
1 0 2 4 8 6 
0 1 0 4 6 3 
1 1 4 0 8 11 12 
0 2 2 6 3 
1 1 2 4 1 3 
0 0 1 4 3 3 3 8 2 12 
1 2 3 1 9 9 0 3 12 
1 2 1 2 5 4 14 
0 2 0 5 3 9 6 13 18 
1 2 2 6 10 0 8 7 10 
1 1 4 1 10 12 2 5 18 
0 1 0 4 7 
0 2 2 4 8 6 10 18 
1 1 3 4 4 5 16 18 22 14 
1 1 0 0 5 
0 2 2 5 2 7 16 10 2 24 
0 2 2 2 9 7 3 18 0 16 
0 1 3 2 8 3 2 13 
0 1 2 3 10 4 
0 1 4 4 0 6 8 3 
0 0 0 3 5 9 12 4 9 14 
0 2 0 3 2 4 8 17 
1 0 0 2 6 11 6 0 12 
0 1 2 0 7 7 2 
0 2 4 1 0 10 5 9 2 
1 0 0 2 9 
0 1 4 3 1 1 2 9 
0 1 1 4 9 3 0 14 
0 2 0 5 7 6 3 
1 0 4 3 8 7 8 
0 0 0 3 9 5 6 
0 0 3 6 4 5 12 8 15 
1 2 0 6 3 5 15 17 9 14 
0 2 0 4 7 
1 1 3 5 4 6 9 
0 0 2 3 4 6 3 
0 0 4 3 1 11 8 4 3 12 
0 1 3 5 3 5 14 14 9 21 
0 2 2 5 8 
0 1 3 2 5 5 0 
0 1 2 0 6 12 
0 0 4 1 2 7 
1 2 0 2 0 3 0 8 9 5 
0 1 3 3 9 4 12 4 
1 1 4 0 5 
0 1 1 1 8 8 
0 0 1 3 4 
0 1 1 4 8 3 6 16 19 
0 1 3 3 5 10 0 
1 2 1 1 8 
0 0 0 1 7 
1 0 0 3 10 1 
0 0 1 2 5 
0 2 3 0 6 1 5 16 0 
0 2 4 1 8 5 10 
1 2 1 3 9 4 3 3 13 17 
0 2 0 5 3 
0 0 2 3 7 7 10 18 2 13 
0 1 2 6 9 0 14 6 7 
0 0 0 0 9 4 8 16 3 20 
1 0 4 5 2 7 3 
0 0 0 2 9 0 5 
1 1 2 3 0 6 3 
0 2 1 2 8 10 10 17 10 
1 0 3 6 5 3 
0 0 3 3 0 11 1 1 18 4 
0 1 1 6 10 4 12 2 7 10 
