0 2 0 3 6 5 3 14 7 25 
0 2 2 6 0 6 7 14 1 28 
0 1 1 1 7 0 12 4 14 14 
0 0 3 1 8 
1 2 0 0 6 
0 1 0 4 1 12 15 
1 0 3 6 7 2 
1 2 4 2 7 8 6 1 11 
0 1 1 2 0 9 14 9 
0 1 2 0 8 3 
0 2 2 1 0 
1 2 2 4 3 11 2 8 3 7 
0 0 2 1 2 
0 0 3 2 6 
0 1 3 6 7 3 
0 1 0 5 10 11 4 
1 0 4 2 10 11 0 3 
1 0 1 5 3 8 0 13 22 
1 2 1 2 7 9 13 13 
0 2 0 1 6 7 15 12 
1 0 4 2 4 2 9 4 1 23 
0 1 4 6 3 
0 2 2 5 6 6 10 9 
1 1 2 5 4 1 14 12 
0 1 2 1 1 
0 1 3 4 1 7 
0 2 1 4 5 2 15 10 8 4 
0 1 3 2 3 0 0 15 10 6 
1 2 4 4 1 
1 2 3 3 8 1 6 6 12 
0 1 4 5 8 12 
0 2 1 0 1 
0 2 3 5 1 2 12 0 
0 2 4 0 10 10 
1 2 1 3 10 1 12 16 6 13 
1 2 4 5 4 10 12 
0 1 1 0 10 11 5 
0 2 0 6 9 10 
0 1 2 1 7 3 10 8 
0 2 3 0 9 11 3 
1 0 1 6 6 3 9 
1 0 2 4 6 4 1 2 
0 1 2 1 5 2 2 
0 0 1 2 4 8 10 11 0 18 
1 0 2 0 0 4 2 
1 0 4 2 10 12 7 0 11 
0 0 1 0 2 3 6 
1 1 4 2 7 3 12 16 
1 2 2 2 9 2 13 13 
0 0 3 0 0 9 0 3 22 
1 0 1 1 6 1 
0 0 3 1 8 8 2 13 
1 1 0 5 2 9 12 
0 0 2 0 2 0 15 
1 1 1 1 0 7 0 11 
0 0 0 4 2 
1 1 1 4 6 3 1 
1 2 1 2 1 7 
1 2 1 1 4 12 12 13 7 21 
0 2 4 4 6 11 1 2 
0 2 3 0 1 1 10 14 9 
0 2 4 2 2 11 16 0 
1 2 1 6 9 7 12 
1 0 0 6 7 4 2 1 15 8 
0 1 3 1 10 
1 2 2 0 5 8 4 3 22 2 
1 2 3 6 1 6 5 
1 0 3 0 0 6 1 0 
0 2 0 0 2 3 11 14 15 
0 0 4 0 4 4 10 
0 1 1 0 8 7 4 6 0 
0 2 1 1 3 2 
0 2 2 4 4 11 2 11 18 
1 2 1 6 3 4 
1 2 1 2 2 7 
1 0 4 2 5 9 13 
1 1 4 6 9 9 6 10 21 2 
1 0 3 0 2 7 1 0 1 
0 2 1 4 7 
1 0 0 1 9 10 8 4 13 7 
1 2 1 4 2 2 14 17 
1 1 2 2 0 
1 2 2 5 9 12 10 15 
1 2 3 0 10 10 
0 0 0 5 7 11 1 
1 1 0 1 6 2 1 
0 0 4 6 6 5 8 12 2 24 
0 1 4 5 4 1 1 5 22 14 
0 1 2 2 6 10 3 14 11 12 
0 1 0 2 6 2 8 1 9 14 
1 0 2 3 4 4 6 3 18 
0 0 2 0 7 
1 0 2 0 2 
1 1 2 0 7 
1 2 3 3 10 4 7 16 
1 1 4 3 3 8 11 
0 0 3 4 5 9 2 
0 1 0 2 3 12 11 
0 0 1 4 6 
0 1 1 1 0 
