1 0 0 6 6 0 4 
1 0 3 0 3 
1 1 2 2 0 5 12 17 
0 2 0 1 8 11 2 8 0 
0 0 2 3 8 0 2 10 11 
0 0 2 3 3 6 
0 0 4 6 0 0 0 12 16 
1 2 2 1 2 0 7 18 
0 1 0 5 4 3 4 10 4 
1 2 4 2 3 11 
0 1 0 5 9 2 
0 0 3 6 4 2 
0 1 1 6 9 10 4 
0 0 2 5 6 0 4 0 16 10 
0 1 1 2 0 7 16 16 3 
1 1 4 1 10 12 13 13 20 
1 0 0 0 0 4 15 
0 0 3 1 3 7 13 3 20 
1 0 0 6 10 8 3 
0 1 1 2 2 6 5 16 
0 2 4 5 9 12 
1 1 0 6 6 5 8 15 
1 1 1 3 2 8 4 
1 1 4 0 0 2 16 
1 0 0 6 9 6 
0 2 3 6 10 9 0 7 4 3 
1 1 3 5 0 
1 1 2 5 8 0 15 
0 1 3 1 0 
1 2 1 4 5 1 
0 0 2 3 7 9 11 4 18 
1 1 0 0 3 3 5 7 14 13 
0 1 0 1 7 6 15 7 
1 0 4 3 9 9 3 15 2 
0 2 1 5 6 
0 1 0 0 0 11 6 9 3 1 
1 0 2 5 4 11 14 9 20 6 
0 0 1 3 9 
0 1 1 5 8 8 5 5 
0 1 3 0 5 12 12 3 
1 0 0 2 2 9 2 14 22 11 
0 0 2 6 7 
1 1 0 1 6 12 3 
0 1 3 3 10 4 1 
1 2 1 4 3 2 1 
1 1 3 6 3 
1 1 3 0 1 2 3 0 
0 2 4 3 2 6 0 15 3 
1 2 0 1 10 11 7 
0 1 1 5 0 12 11 9 1 
1 2 1 0 10 7 2 5 1 
0 1 3 3 4 
1 0 1 1 2 2 10 9 12 
1 2 2 3 0 3 
1 2 4 0 2 
0 0 0 0 3 9 2 12 22 16 
0 1 4 5 10 7 
1 0 0 4 0 1 14 15 13 
1 0 0 4 5 8 14 
1 1 2 5 3 6 6 15 
0 1 3 5 8 
1 0 4 1 3 4 12 8 22 6 
1 1 2 5 0 9 
1 1 2 6 8 0 
0 2 3 5 7 6 7 7 2 
0 1 1 5 10 2 9 7 7 7 
1 1 4 6 1 1 10 
1 0 0 2 7 9 6 
1 0 1 2 7 5 15 8 3 
1 2 0 5 5 
1 0 0 1 2 3 8 
1 1 3 5 7 10 13 17 
0 0 1 0 6 2 7 4 
0 1 1 4 5 2 16 2 
1 2 3 1 1 4 0 
1 2 4 6 0 10 9 
0 1 0 1 2 4 
1 0 1 2 0 11 5 1 12 
0 2 0 4 2 2 13 0 6 26 
1 2 4 0 8 10 7 1 3 13 
1 2 2 6 8 4 3 8 
0 2 3 0 1 1 
1 1 4 0 3 5 
1 0 1 0 10 
1 2 0 4 5 7 8 
1 0 1 4 1 3 9 
0 0 3 6 10 7 13 9 3 23 
1 2 3 6 4 3 4 2 
1 1 0 6 8 12 15 13 11 
0 0 1 0 5 1 
0 1 4 6 4 6 
1 0 3 6 1 0 11 9 
0 2 2 1 10 
1 0 4 6 8 9 12 
0 0 0 4 1 11 
0 1 2 0 2 
0 0 0 3 5 1 7 12 7 19 
1 1 1 2 6 
0 1 0 3 3 
0 0 3 3 8 9 15 5 4 
