0 1 0 0 3 
0 0 1 3 1 8 13 4 
0 2 3 4 6 7 4 11 
1 2 0 2 8 10 11 17 
1 0 3 6 10 0 5 7 15 
0 0 2 4 3 7 
0 2 2 5 3 
0 0 0 1 10 0 0 
0 1 3 4 1 3 5 15 
0 2 3 3 10 8 1 9 
0 2 3 2 2 5 7 
0 1 1 1 3 9 
0 0 3 1 2 4 14 18 
0 1 1 1 8 1 13 6 
0 0 4 3 0 10 1 11 17 5 
1 1 0 6 3 
0 0 4 0 2 
1 2 0 0 9 1 13 8 
0 1 2 0 9 1 4 
1 1 4 2 5 10 13 
0 1 3 2 2 8 5 
1 0 4 5 9 5 8 16 13 22 
0 2 3 4 8 
1 2 4 4 9 0 14 9 7 
1 2 2 0 6 0 
1 0 2 5 8 7 
0 2 3 6 2 2 
1 2 0 6 4 7 15 15 22 20 
1 1 0 2 9 8 8 12 20 
1 0 1 6 3 9 15 4 0 
0 2 2 0 3 6 
0 1 4 0 3 1 11 3 4 26 
0 1 0 4 0 10 2 4 
0 1 3 4 0 12 1 2 7 
0 1 1 3 1 4 8 4 7 
1 2 2 3 5 6 
1 0 4 3 1 7 
1 2 2 1 1 12 0 3 2 
0 2 3 4 4 12 10 1 
1 0 3 4 2 8 9 7 16 
0 0 4 3 10 4 
0 2 1 4 6 8 12 
1 1 3 1 0 6 
1 0 4 0 8 10 6 18 9 
1 2 2 6 5 0 16 5 16 7 
0 0 3 2 4 1 15 1 
1 2 3 3 8 12 8 3 10 13 
0 1 4 6 5 
1 0 4 5 10 10 
0 1 1 3 9 5 4 9 22 
0 0 2 2 2 11 
1 1 3 5 10 
1 0 3 5 8 
0 2 2 1 6 4 8 5 10 3 
0 2 0 2 1 10 
0 2 4 0 10 8 0 17 9 11 
1 1 1 2 6 11 10 13 17 3 
0 0 1 2 4 12 11 16 
0 2 0 2 9 9 15 5 
0 0 0 6 9 0 6 
0 0 0 2 5 9 5 
0 1 3 2 10 0 3 16 10 7 
0 0 0 0 4 7 8 9 16 26 
0 1 4 4 4 7 3 
0 1 4 1 10 7 
0 1 0 5 5 
0 2 1 3 2 
0 0 0 1 10 8 14 8 21 17 
1 0 3 2 2 
0 0 3 4 1 11 11 
0 2 4 3 10 2 11 0 5 17 
1 0 3 2 10 0 16 12 13 26 
1 1 4 5 0 2 
0 1 3 4 3 2 
0 2 0 4 1 0 5 18 
0 2 4 2 2 3 10 0 11 
1 0 4 5 0 6 7 16 1 
1 1 1 0 10 
0 2 1 1 0 2 
0 1 4 1 8 12 14 2 
0 2 1 3 9 0 
0 1 0 2 5 8 5 8 22 
1 1 4 4 0 10 9 13 
0 0 2 0 6 2 14 5 10 
0 1 2 2 0 10 16 3 
0 2 2 2 5 3 
0 1 4 6 2 7 0 6 18 
1 2 1 4 0 6 6 16 12 
0 2 2 5 2 6 7 17 7 
1 2 1 4 9 2 6 
1 2 2 5 1 1 
1 1 2 3 2 4 4 10 
0 0 1 2 6 12 3 2 
1 1 4 2 7 
1 0 0 4 9 
0 1 0 5 6 12 12 17 12 
0 1 2 0 3 
0 2 2 0 4 5 3 17 17 27 
0 0 4 4 4 
0 0 3 5 8 2 12 3 15 
